Voluntari
Dunărea Călăraşi
2,55  3,05  3,00  1,39  1,51  1,38  5,80 2,5  1,55  2,35 2,05  1,50  2,05 1,69  1,67  1,82  2,00  1,79  1,99 10,00  10,00 +61
Gaz Metan
Sepsi Sf.Gheorghe
2,50  3,10  3,05  1,38  1,54  1,37  5,70 1,5  2,45  1,50 2,03  1,50  2,07 1,66  1,65  1,82  2,04  1,79  2,03 9,60  10,00 +61
Dinamo B.
Botosani
2,10  3,25  3,70  1,28  1,73  1,34  4,30 2,5  1,62  2,18 1,75  1,55  2,35 1,43  1,51  1,67  2,34  1,90  2,53 7,00  12,80 +61
Blackburn
Middlesbrough
3,05  3,05  2,45  1,53  1,36  1,36  5,40 2,5  1,60  2,25 2,10  1,50  2,00 2,05  1,81  2,05  1,81  1,65  1,65 9,80  8,80 +36
Bristol C.
Wolverhampton
4,50  3,50  1,85  1,97  1,21  1,31  3,40 2,5  1,65  2,15 2,60  1,60  1,60 3,15  2,00  2,67  1,56  1,41  1,29 16,00  5,50 +61
Swansea
Brentford
2,45  3,35  2,90  1,42  1,55  1,33  4,90 2,5  1,90  1,90 2,00  1,50  2,10 1,69  1,58  1,94  2,16  1,68  2,00 8,80  9,80 +61
Doncaster
Crystal P.
5,50  4,20  1,57  2,38  1,14  1,22  2,55 2,5  2,00  1,80 3,10  1,80  1,35 4,15  1,96  3,41  1,50  1,27  1,19 27,00  3,80 +61
Bordeaux
Toulouse FC
1,85  3,45  4,35  1,20  1,92  1,30  3,55 2,5  1,60  2,25 1,60  1,60  2,60 1,31  1,42  1,57  2,65  1,98  3,07 5,50  16,00 +61
Lille
Montpellier
1,90  3,30  4,50  1,21  1,90  1,34  3,60 2,5  1,60  2,25 1,60  1,60  2,60 1,30  1,46  1,53  2,53  2,08  3,08 5,80  15,00 +61
Caen
Strasbourg
3,25  3,00  2,40  1,56  1,33  1,38  5,00 1,5  2,45  1,50 2,15  1,50  1,95 2,15  1,88  2,06  1,73  1,65  1,59 10,20  9,10 +61
Reims
Rennes
2,45  3,10  3,05  1,37  1,54  1,36  5,00 2,5  1,55  2,35 2,00  1,50  2,10 1,65  1,63  1,82  2,07  1,79  2,05 9,00  10,00 +61
St.Etienne
P.S.G.
4,85  4,20  1,65  2,25  1,18  1,23  2,67 3,5  1,60  2,20 2,90  1,65  1,45 3,63  1,85  3,28  1,60  1,29  1,24 20,00  4,40 +61
Sochaux
Lens
3,10  3,00  2,40  1,52  1,33  1,35  5,30 1,5  2,45  1,50 2,15  1,50  1,95 2,09  1,83  2,06  1,77  1,65  1,62 10,20  9,10 +36
E.Frankfurt
M'gladbach
2,35  3,50  2,95  1,41  1,60  1,31  4,50 2,5  2,31  1,57 1,90  1,50  2,20 1,65  1,52  1,97  2,27  1,66  2,07 8,30  10,50 +61
Leverkusen
F.Dusseldorf
1,45  4,70  7,00  1,11  2,81  1,20  2,08 3,5  1,65  2,10 1,30  1,90  3,50 1,12  1,22  1,38  3,95  2,05  5,39 3,20  32,00 +61
Holstein Kiel
Furth
1,60  4,00  5,10  1,14  2,24  1,22  2,60 2,5  2,25  1,60 1,40  1,70  3,00 1,21  1,30  1,53  3,24  1,95  3,86 4,10  22,00 +36
Bielefeld
Magdeburg
2,15  3,20  3,40  1,29  1,65  1,32  4,40 2,5  1,65  2,15 1,75  1,55  2,35 1,49  1,53  1,74  2,28  1,84  2,36 7,50  12,00 +36
D.Dresden
Regensburg
2,40  3,40  2,75  1,41  1,52  1,28  4,75 2,5  2,15  1,65 1,95  1,50  2,15 1,72  1,55  2,02  2,20  1,63  1,97 9,00  10,00 +36
Wurzburg
Hansa R.
1,95  3,45  3,70  1,25  1,79  1,28  3,55 2,5  1,85  1,95 1,65  1,60  2,55 1,40  1,44  1,71  2,55  1,83  2,66 6,00  14,00 +30
FSV Zwickau
CZ Jena
2,40  3,35  2,80  1,40  1,53  1,29  4,85 2,5  1,80  2,00 1,95  1,50  2,15 1,70  1,56  1,98  2,18  1,66  1,99 9,00  10,00 +30
Spal
Fiorentina
3,55  3,20  2,20  1,68  1,30  1,36  4,35 2,5  1,60  2,25 2,30  1,50  1,80 2,39  1,89  2,25  1,70  1,55  1,48 11,70  7,70 +61
Udinese
Chievo
1,85  3,40  4,65  1,20  1,96  1,32  3,35 2,5  1,65  2,15 1,60  1,60  2,60 1,28  1,43  1,52  2,62  2,07  3,22 5,50  16,00 +61
Empoli
Sassuolo
2,75  3,35  2,60  1,51  1,46  1,34  - 2,5  1,95  1,85 2,07  1,50  2,03 1,88  1,65  2,08  2,01  1,61  1,78 9,70  9,30 +61
Genoa
Lazio
3,30  3,35  2,25  1,66  1,35  1,34  4,45 2,5  1,95  1,85 2,30  1,50  1,80 2,26  1,78  2,28  1,80  1,53  1,54 11,30  8,00 +61
Inter M.
Sampdoria
1,60  3,95  6,00  1,14  2,38  1,26  2,55 2,5  2,00  1,80 1,40  1,70  3,00 1,17  1,30  1,41  3,22  2,14  4,37 4,10  22,00 +61
Napoli
FC Torino
1,45  4,45  7,40  1,09  2,78  1,21  2,25 2,5  2,05  1,75 1,30  1,90  3,50 1,10  1,23  1,32  3,79  2,20  5,64 3,20  32,00 +61
Lecce
Livorno
1,75  3,30  5,00  1,14  1,99  1,30  3,20 2,5  1,70  2,10 1,50  1,65  2,70 1,24  1,42  1,45  2,67  2,19  3,53 5,00  18,00 +36
Cosenza
Cremonese
2,15  2,95  3,75  1,24  1,65  1,37  4,50 1,5  2,45  1,50 1,75  1,55  2,35 1,44  1,59  1,60  2,18  2,03  2,50 7,60  12,00 +36
Spezia
Verona
2,00  3,10  4,00  1,22  1,75  1,33  3,95 2,5  1,65  2,15 1,65  1,55  2,50 1,37  1,52  1,58  2,35  2,03  2,74 6,00  13,50 +36
Real Madrid
Girona
1,18  7,35  15,00  1,02  4,93  1,09  1,53 3,5  1,65  2,10 1,10  2,30  5,00 -  1,09  1,03  6,77  2,10  12,77 2,10  94,50 +61
Valencia
Espanyol
1,75  3,70  4,85  1,19  2,10  1,29  3,00 2,5  1,85  1,95 1,50  1,65  2,70 1,25  1,36  1,53  2,88  2,01  3,47 5,00  18,00 +61
Villarreal
Sevilla
2,50  3,40  2,80  1,44  1,54  1,32  - 2,5  2,00  1,80 2,03  1,50  2,07 1,74  1,58  2,00  2,15  1,65  1,94 9,30  9,70 +61
Betis
Alaves
1,80  3,40  4,90  1,18  2,01  1,32  3,30 2,5  1,62  2,18 1,55  1,60  2,65 1,25  1,42  1,48  2,67  2,13  3,41 5,20  16,50 +61
Mallorca
Lugo
1,95  3,20  4,15  1,21  1,81  1,33  3,80 2,5  1,57  2,31 1,65  1,60  2,55 1,35  1,48  1,57  2,44  2,03  2,86 6,00  14,50 +36
Numancia
Osasuna
2,70  3,00  2,75  1,42  1,43  1,36  5,90 2,5  1,55  2,35 2,05  1,50  2,05 1,81  1,73  1,90  1,92  1,74  1,84 10,00  10,00 +36
Rayo Majadahonda
Malaga CF
2,85  2,85  2,70  1,42  1,39  1,39  6,20 1,5  2,35  1,53 2,05  1,50  2,05 1,87  1,82  1,87  1,82  1,77  1,77 10,00  10,00 +36
Las Palmas
Sp.Gijon
2,05  3,10  3,75  1,23  1,70  1,33  4,25 2,5  1,55  2,35 1,70  1,55  2,40 1,41  1,53  1,63  2,31  1,97  2,59 6,80  13,00 +36
W.Neustadt
RB Salzburg
12,00  6,50  1,20  4,22  1,01  1,09  1,57 3,5  1,75  1,95 5,00  2,30  1,10 10,23  2,08  6,00  1,12  1,11  1,02 80,75  2,15 +36
Rapid V.
Hartberg
1,58  4,10  5,10  1,14  2,27  1,21  2,45 2,5  2,35  1,55 1,35  1,80  3,10 1,21  1,28  1,54  3,33  1,92  3,90 3,80  26,00 +36
Club Brugge
Genk
2,50  3,45  2,65  1,45  1,50  1,29  4,70 2,5  2,15  1,65 2,03  1,50  2,07 1,78  1,56  2,08  2,16  1,60  1,89 9,30  9,70 +36
Antwerp
Anderlecht
2,70  3,30  2,55  1,48  1,44  1,31  5,00 2,5  1,90  1,90 2,05  1,50  2,05 1,89  1,65  2,08  2,01  1,61  1,78 9,50  9,50 +36
Mouscron Peruwelz
Cercle Brugge
1,80  3,65  4,20  1,21  1,95  1,26  3,10 2,5  2,00  1,80 1,55  1,60  2,65 1,31  1,38  1,64  2,79  1,88  3,06 5,20  16,50 +36
Jablonec
Opava
1,42  4,40  7,00  1,07  2,70  1,18  2,20 2,5  2,05  1,75 1,25  1,95  3,70 1,11  1,23  1,34  3,81  2,14  5,48 3,00  39,00 +36
Plzen
Slavia Praga
2,65  3,15  2,65  1,44  1,44  1,32  - 2,5  1,70  2,10 2,05  1,50  2,05 1,83  1,67  1,99  1,99  1,67  1,83 9,75  9,75 +36
Horsens
Vendsyssel
2,05  3,25  3,70  1,26  1,73  1,32  3,75 2,5  1,75  2,05 1,70  1,55  2,40 1,42  1,50  1,67  2,38  1,90  2,57 6,70  13,00 +36
Odense
Vejle
1,55  3,80  6,30  1,10  2,37  1,24  2,45 2,5  1,85  1,95 1,35  1,80  3,10 1,15  1,31  1,36  3,21  2,25  4,66 3,80  27,00 +36
Randers
FC Copenhaga
4,85  3,70  1,70  2,10  1,16  1,26  2,90 2,5  1,85  1,95 2,80  1,65  1,47 3,54  2,00  2,94  1,53  1,35  1,24 19,00  4,70 +36
Esbjerg
Brondby
4,35  3,55  1,80  1,95  1,19  1,27  3,00 2,5  2,08  1,72 2,65  1,60  1,55 3,14  1,95  2,74  1,59  1,39  1,30 16,50  5,20 +36
Basel
Sion
1,45  4,50  6,20  1,10  2,61  1,18  2,18 3,5  1,60  2,20 1,30  1,90  3,50 1,14  1,23  1,44  3,81  1,98  4,88 3,20  32,00 +36
Young Boys
Zurich
1,50  4,35  5,60  1,12  2,45  1,18  2,25 3,5  1,75  1,95 1,32  1,85  3,30 1,17  1,25  1,50  3,62  1,93  4,37 3,50  28,00 +36
Grasshoppers
Xamax
2,35  3,40  2,80  1,39  1,54  1,28  4,60 2,5  2,15  1,65 1,90  1,50  2,20 1,69  1,54  1,99  2,23  1,64  2,01 8,30  10,50 +36
Larissa AEL
Xanthi
2,20  2,90  3,70  1,25  1,63  1,38  4,85 1,5  2,25  1,57 1,80  1,50  2,30 1,45  1,62  1,60  2,13  2,04  2,44 7,80  11,80 +36
Levadiakos
Panaitolikos
2,60  2,90  2,90  1,37  1,45  1,37  - 1,5  2,35  1,53 2,03  1,50  2,07 1,73  1,73  1,81  1,93  1,81  1,93 9,60  10,00 +36
Aris Thessaloniki
Panionios
1,75  3,30  5,00  1,14  1,99  1,30  3,35 1,5  2,35  1,53 1,50  1,65  2,70 1,24  1,42  1,45  2,67  2,19  3,53 5,10  18,00 +36
Olympiacos P.
AEK Atena
1,85  3,20  4,60  1,17  1,89  1,32  3,60 1,5  2,45  1,50 1,60  1,60  2,60 1,28  1,46  1,49  2,52  2,14  3,19 5,60  16,00 +36
Ajax
Breda
1,04  14,00  33,00  -  9,83  1,01  1,13 3,5  2,55  1,45 1,03  2,80  6,00 -  1,01  -  13,57  1,25  30,63 1,40  100,00 +36
Excelsior
Emmen
2,25  3,50  2,95  1,37  1,60  1,28  4,10 2,5  2,18  1,62 1,80  1,50  2,30 1,62  1,50  1,96  2,33  1,65  2,12 8,00  11,30 +36
Groningen
Feyenoord
4,70  3,80  1,70  2,10  1,17  1,25  2,75 3,5  1,60  2,20 2,80  1,65  1,47 3,46  1,94  2,99  1,57  1,34  1,25 19,00  4,70 +36
De Graafschap
Utrecht
5,00  4,10  1,60  2,25  1,15  1,21  2,50 2,5  2,35  1,55 3,00  1,70  1,40 3,80  1,90  3,30  1,56  1,29  1,22 22,00  4,10 +36
Zaglebie L.
Miedz Legnica
1,90  3,35  4,00  1,21  1,82  1,29  3,55 2,5  1,75  2,05 1,60  1,60  2,60 1,35  1,44  1,62  2,55  1,94  2,85 5,80  15,00 +36
Legia V.
Cracovia K.
1,57  3,85  5,70  1,12  2,30  1,23  2,60 2,5  1,80  2,00 1,35  1,80  3,10 1,17  1,31  1,43  3,20  2,11  4,26 3,80  27,00 +36
Moreirense
Tondela
1,80  3,40  4,60  1,18  1,96  1,29  3,15 2,5  1,70  2,10 1,55  1,60  2,65 1,28  1,41  1,52  2,67  2,06  3,26 5,20  16,50 +36
Belenenses
Maritimo
2,25  3,05  3,40  1,29  1,61  1,35  4,70 2,5  1,52  2,42 1,80  1,50  2,30 1,52  1,59  1,70  2,16  1,90  2,29 8,10  11,50 +36
Chaves
Boavista
2,15  3,15  3,40  1,28  1,64  1,32  4,50 2,5  1,55  2,35 1,75  1,55  2,35 1,49  1,54  1,72  2,26  1,86  2,36 7,60  12,00 +36
Sporting L.
Braga
2,55  3,30  2,70  1,44  1,48  1,31  5,30 2,5  1,90  1,90 2,05  1,50  2,05 1,78  1,61  2,01  2,08  1,65  1,89 9,50  9,50 +36
Motherwell
Hearts
2,90  3,10  2,50  1,50  1,38  1,34  5,40 2,5  1,60  2,25 2,07  1,50  2,03 1,97  1,75  2,04  1,87  1,65  1,70 10,00  9,60 +36
Kilmarnock
Celtic
6,70  4,30  1,45  2,62  1,08  1,19  2,27 2,5  2,00  1,80 3,50  1,90  1,30 5,19  2,13  3,69  1,37  1,24  1,12 32,00  3,20 +36
Erzurum Buyuksehir
Sivas
2,60  3,20  2,70  1,43  1,46  1,32  5,50 2,5  1,80  2,00 2,05  1,50  2,05 1,80  1,65  1,98  2,03  1,67  1,87 9,50  9,50 +36
Trabzon
Alanya
1,95  3,60  3,60  1,26  1,80  1,26  3,50 2,5  2,15  1,65 1,65  1,60  2,55 1,42  1,42  1,77  2,62  1,77  2,62 6,00  14,00 +36
Kayseri
Goztepespor
2,15  3,30  3,35  1,30  1,66  1,31  4,25 2,5  1,70  2,10 1,75  1,55  2,35 1,50  1,51  1,77  2,32  1,80  2,34 7,50  12,00 +36
Kasimpasa
Galatasaray
4,00  3,80  1,80  1,95  1,22  1,24  3,05 3,5  1,60  2,20 2,65  1,60  1,55 2,97  1,80  2,87  1,71  1,36  1,33 16,50  5,20 +36
Rosario
Tigre
2,15  3,15  3,50  1,28  1,66  1,33  4,30 2,5  1,60  2,25 1,75  1,55  2,35 1,48  1,54  1,70  2,26  1,89  2,40 7,50  12,00 +36
CA Talleres
CA Huracan
2,50  3,00  3,00  1,36  1,50  1,36  5,50 2,5  1,55  2,35 2,03  1,50  2,07 1,67  1,67  1,81  2,01  1,81  2,01 9,60  10,00 +36
Boca J.
Lanus
1,55  3,70  6,55  1,09  2,36  1,25  2,55 2,5  1,75  2,05 1,35  1,80  3,10 1,14  1,32  1,33  3,15  2,35  4,81 3,80  27,00 +36
Banfield
River Plate (ARG)
4,10  3,10  2,00  1,77  1,22  1,34  3,85 2,5  1,55  2,35 2,50  1,55  1,65 2,79  2,06  2,35  1,56  1,52  1,36 13,80  6,30 +36
Sydney
Central Coast
1,30  5,50  8,70  1,05  3,37  1,13  1,80 3,5  1,60  2,20 1,20  2,10  4,30 1,07  1,15  1,28  4,88  2,03  7,14 2,30  48,00 +36
Lommel
Wilrijk
3,50  3,50  1,95  1,75  1,25  1,25  3,55 2,5  1,93  1,77 2,55  1,60  1,65 2,57  1,77  2,57  1,77  1,43  1,43 14,00  6,00 +28
Corinthians
Sao Paulo SP
2,35  2,85  3,30  1,29  1,53  1,37  5,40 1,5  2,25  1,57 1,90  1,50  2,20 1,56  1,67  1,68  2,03  1,94  2,19 8,50  10,70 +28
Fk Septemvri Sofia
Beroe SZ
5,20  3,60  1,60  2,13  1,11  1,22  2,75 2,5  1,65  2,10 3,00  1,70  1,40 3,91  2,10  3,01  1,46  1,34  1,20 23,00  4,20 +30
Levski S.
Lok.Plovdiv
1,35  4,50  8,50  1,04  2,94  1,16  2,10 2,5  1,75  1,95 1,22  2,00  4,00 1,07  1,21  1,24  4,04  2,34  6,75 2,70  40,00 +30
Osijek
Istra
1,40  4,20  7,00  1,05  2,62  1,17  2,15 2,5  1,85  1,85 1,25  1,95  3,70 1,11  1,24  1,32  3,72  2,21  5,54 3,50  29,00 +30
Dinamo Zagreb
Slaven B.
1,25  5,20  10,00  1,01  3,42  1,11  1,85 2,5  1,85  1,85 1,15  2,20  4,80 1,04  1,16  1,18  4,82  2,27  8,34 2,60  65,00 +30
Anorthosis F.
Omonia Nicosia
2,10  3,20  3,30  1,27  1,62  1,28  4,05 2,5  1,65  2,10 1,75  1,55  2,35 1,50  1,52  1,76  2,31  1,82  2,36 7,00  12,80 +26
AEL Limassol
Nea Salamis
1,85  3,30  4,00  1,19  1,81  1,26  3,10 2,5  1,85  1,85 1,60  1,60  2,60 1,34  1,44  1,61  2,57  1,95  2,90 5,50  16,00 +26
Doxa K.
Ermis A.
1,60  3,75  4,75  1,12  2,10  1,20  2,60 2,5  2,05  1,70 1,40  1,70  3,00 1,23  1,32  1,54  3,10  1,95  3,65 4,10  22,00 +26
Dep.Pasto
Jaguares C.
1,70  3,15  5,35  1,10  1,98  1,29  3,30 1,5  2,15  1,55 1,47  1,65  2,80 1,21  1,43  1,38  2,65  2,35  3,80 4,80  19,50 +31
Dep.Tolima
Envigado
1,70  3,30  4,75  1,12  1,95  1,25  3,05 2,5  1,55  2,30 1,47  1,65  2,80 1,25  1,40  1,48  2,72  2,13  3,48 4,80  19,50 +31
Dep.Cucuta
Bucaramanga
1,75  3,30  4,35  1,14  1,88  1,25  3,35 2,5  1,55  2,30 1,50  1,65  2,70 1,29  1,41  1,54  2,67  2,03  3,20 5,10  18,00 +31
Patriotas
Indep.Santa Fe
3,20  2,90  2,25  1,52  1,27  1,32  4,70 2,5  1,45  2,55 2,30  1,50  1,80 2,21  1,89  2,10  1,71  1,63  1,55 11,50  8,10 +31
Nacional M.
La Equidad
1,50  3,50  6,60  1,05  2,29  1,22  2,55 2,5  1,50  2,40 1,32  1,85  3,30 1,13  1,33  1,30  3,10  2,45  4,96 3,60  30,00 +31
Novara
Pistoiese
1,45  3,90  6,40  1,06  2,42  1,18  2,35 2,5  1,60  2,20 1,30  1,90  3,50 1,13  1,28  1,35  3,43  2,22  4,99 3,30  33,00 +20
Pisa
Gozzano
1,45  3,95  6,35  1,06  2,44  1,18  2,35 2,5  1,65  2,10 1,30  1,90  3,50 1,13  1,27  1,36  3,46  2,19  4,96 3,30  33,00 +20
Robur Siena
Juventus U23
1,77  3,30  4,30  1,15  1,87  1,25  3,10 2,5  1,65  2,10 1,50  1,65  2,70 1,29  1,42  1,55  2,65  2,02  3,15 5,00  18,00 +20
Alessandria
Arzachena
1,85  3,10  4,20  1,16  1,78  1,28  3,45 2,5  1,55  2,30 1,60  1,60  2,60 1,32  1,47  1,53  2,47  2,08  2,99 5,60  16,00 +20
Pontedera
Pro Vercelli
2,90  3,00  2,35  1,47  1,32  1,30  4,85 2,5  1,55  2,30 2,20  1,50  1,90 2,04  1,77  2,08  1,84  1,63  1,65 10,70  8,50 +20
A.S.D. Albissola 2010
Arezzo
3,10  3,00  2,25  1,52  1,29  1,30  4,50 2,5  1,65  2,10 2,30  1,50  1,80 2,17  1,83  2,14  1,77  1,60  1,58 11,30  8,00 +20
Olbia Calcio
Carrarese
3,75  3,15  1,95  1,71  1,20  1,28  3,60 2,5  1,75  1,95 2,55  1,60  1,65 2,68  1,94  2,41  1,63  1,49  1,39 14,00  6,00 +20
Piacenza Calcio
Pro Patria
2,30  2,95  3,05  1,29  1,50  1,31  4,65 2,5  1,60  2,20 1,85  1,50  2,25 1,60  1,63  1,77  2,09  1,83  2,12 8,50  10,70 +20
Lucchese
V.Entella
3,65  3,15  1,95  1,69  1,20  1,27  3,65 2,5  1,65  2,10 2,55  1,60  1,65 2,63  1,92  2,41  1,65  1,49  1,41 14,00  6,00 +20
Catania
Paganese
1,20  5,50  11,50  -  3,72  1,09  1,70 2,5  1,85  1,85 1,10  2,30  5,00 1,02  1,14  1,11  5,22  2,33  9,82 1,85  75,00 +20
Sicula Leonzio
Vibonese Calcio
2,30  3,00  3,05  1,30  1,51  1,31  4,90 2,5  1,55  2,30 1,85  1,50  2,25 1,60  1,62  1,79  2,11  1,82  2,13 8,70  10,80 +20
SS Cavese
Viterbese
2,60  3,00  2,60  1,39  1,39  1,30  - 2,5  1,60  2,20 2,05  1,50  2,05 1,83  1,69  1,96  1,96  1,69  1,83 9,80  9,80 +20
Potenza SC
Citta de Siracusa
1,72  3,30  4,70  1,13  1,94  1,26  3,10 2,5  1,65  2,10 1,47  1,65  2,80 1,25  1,41  1,48  2,70  2,11  3,42 4,70  19,00 +20
V.Francavilla
Reggio Calabria
2,65  3,05  2,50  1,42  1,37  1,29  5,50 2,5  1,62  2,16 2,07  1,50  2,03 1,88  1,69  2,02  1,95  1,65  1,78 10,00  9,60 +20
SS Monopoli
Juve Stabia
2,95  3,05  2,30  1,50  1,31  1,29  4,85 2,5  1,60  2,20 2,25  1,50  1,85 2,09  1,77  2,12  1,83  1,60  1,63 10,70  8,50 +20
UNAM Pumas
América
3,05  3,35  2,25  1,60  1,35  1,29  4,45 2,5  1,90  1,90 2,30  1,50  1,80 2,16  1,71  2,27  1,88  1,53  1,59 11,30  8,00 +31
Lobos Buap
Queretaro
2,20  3,10  3,40  1,29  1,62  1,34  4,45 2,5  1,75  2,05 1,80  1,50  2,30 1,51  1,57  1,71  2,21  1,88  2,33 7,70  11,70 +31
Sp.Covilha
Ferreira
4,60  3,40  1,75  1,96  1,16  1,27  3,20 2,5  1,60  2,20 2,70  1,65  1,50 3,33  2,05  2,72  1,52  1,40  1,27 18,00  5,00 +28
Académica
Farense
1,75  3,30  4,90  1,14  1,97  1,29  3,20 2,5  1,62  2,16 1,50  1,65  2,70 1,24  1,42  1,46  2,67  2,17  3,48 5,00  18,00 +28
Porto B
Oliveirense
1,80  3,30  4,50  1,16  1,90  1,29  3,30 2,5  1,70  2,05 1,55  1,60  2,65 1,28  1,43  1,52  2,62  2,07  3,21 5,20  16,50 +28
Braga B
Arouca
2,70  2,95  2,70  1,41  1,41  1,35  - 2,5  1,60  2,20 2,05  1,50  2,05 1,83  1,74  1,90  1,90  1,74  1,83 9,80  9,80 +28
Mafra
Estoril
2,80  3,00  2,55  1,45  1,38  1,33  5,50 2,5  1,62  2,16 2,05  1,50  2,05 1,92  1,75  1,98  1,88  1,68  1,75 9,80  9,80 +28
Leixoes
Guimaraes B
1,70  3,40  5,00  1,13  2,02  1,27  3,05 2,5  1,65  2,10 1,47  1,65  2,80 1,23  1,39  1,46  2,78  2,15  3,62 4,70  19,00 +28
Rad
Zemun
2,15  3,15  3,20  1,28  1,59  1,29  4,20 2,5  1,65  2,10 1,75  1,55  2,35 1,53  1,54  1,78  2,26  1,81  2,28 7,50  12,00 +28
Din.Vranje
Spartak S.
2,70  3,00  2,55  1,42  1,38  1,31  5,90 2,5  1,60  2,20 2,05  1,50  2,05 1,88  1,72  1,98  1,91  1,68  1,78 9,80  9,80 +28
Djurgarden
Frej
1,15  7,00  14,00  -  4,67  1,06  1,42 3,5  1,65  2,10 1,07  2,40  5,20 1,01  1,09  1,04  6,63  2,09  12,26 2,10  85,50 +26
Malmö
Degerfors
1,15  7,00  14,00  -  4,67  1,06  1,42 3,5  1,90  1,80 1,07  2,40  5,20 1,01  1,09  1,04  6,63  2,09  12,26 1,95  76,50 +26
Falkenbergs
Osters
1,82  3,55  4,00  1,20  1,88  1,25  3,10 2,5  2,15  1,65 1,55  1,60  2,65 1,34  1,39  1,66  2,72  1,87  2,94 5,20  16,50 +26
Nykoping
Goteborg
7,00  5,00  1,35  2,92  1,06  1,13  1,85 3,5  1,75  1,95 4,00  2,00  1,22 5,73  1,94  4,38  1,39  1,18  1,11 40,00  2,70 +26
Hassleholms IF
Elfsborg
15,00  7,50  1,13  5,00  -  1,05  1,42 3,5  1,90  1,80 5,20  2,40  1,07 13,30  2,02  7,15  1,01  1,08  - 90,25  1,95 +26
Norrkoping
Varnamo
1,08  9,50  23,00  -  6,72  1,03  1,32 3,5  1,90  1,80 1,05  2,50  5,50 -  1,04  -  9,18  1,94  20,81 1,65  99,00 +26